1754153284187 0.08880994671403197 50
1754153656977 0.17761989342806395 100
1754154982575 0.2664298401420959 150
1754155269967 0.3552397868561279 200
1754155313456 0.3552397868561279 200
1754155581767 0.44404973357015987 250
1754155882890 0.5328596802841918 300
1754156161718 0.6216696269982238 350
1754156455703 0.7104795737122558 400
1754156540164 0.7104795737122558 400
1754156806458 0.7992895204262878 450
1754157075735 0.8880994671403197 500
1754157319496 0.9769094138543517 550
1754157568372 1.0657193605683837 600
1754157608229 1.0657193605683837 600
1754157874275 1.1545293072824157 650
1754158244679 1.2433392539964476 700
1754158500042 1.3321492007104796 750
1754158822698 1.4209591474245116 800
1754158861971 1.4209591474245116 800
1754159127630 1.5097690941385435 850
1754159407153 1.5985790408525755 900
1754159659373 1.6873889875666075 950
1754159912224 1.7761989342806395 1000
1754159950630 1.7761989342806395 1000
1754160210273 1.8650088809946714 1050
1754160462226 1.9538188277087034 1100
1754160722596 2.0426287744227354 1150
1754160979877 2.1314387211367674 1200
1754161018620 2.1314387211367674 1200
1754161278365 2.2202486678507993 1250
1754161536801 2.3090586145648313 1300
1754161790962 2.3978685612788633 1350
1754162046490 2.4866785079928952 1400
1754162087490 2.4866785079928952 1400
1754162342949 2.575488454706927 1450
1754162588967 2.664298401420959 1500
1754162828362 2.753108348134991 1550
1754163072240 2.841918294849023 1600
1754163109994 2.841918294849023 1600
1754163363671 2.930728241563055 1650
1754163620123 3.019538188277087 1700
1754163885375 3.108348134991119 1750
1754164133214 3.197158081705151 1800
1754164172420 3.197158081705151 1800
1754164424875 3.285968028419183 1850
1754164674028 3.374777975133215 1900
1754164941450 3.463587921847247 1950
1754165333067 3.552397868561279 2000
1754165407618 3.552397868561279 2000
1754165798863 3.641207815275311 2050
1754166275400 3.730017761989343 2100
1754166746119 3.818827708703375 2150
1754167077466 3.907637655417407 2200
1754167129036 3.907637655417407 2200
1754167449004 3.996447602131439 2250
1754167764242 4.085257548845471 2300
1754168082808 4.174067495559503 2350
1754168401581 4.262877442273535 2400
1754168455650 4.262877442273535 2400
1754168777349 4.351687388987567 2450
1754169094072 4.440497335701599 2500
1754169413543 4.529307282415631 2550
1754169731150 4.618117229129663 2600
1754169782654 4.618117229129663 2600
1754170113521 4.706927175843695 2650
1754170402434 4.7957371225577266 2700
1754170650215 4.8845470692717585 2750
1754170912971 4.9733570159857905 2800
1754170960675 4.9733570159857905 2800
1754171055094 5.0 2815
