1754153284187 6.024514198303223 50
1754153656977 1.839102029800415 100
1754154982575 0.91324782371521 150
1754155269967 3.989145040512085 200
1754155581767 2.3158514499664307 250
1754155882890 1.2952842712402344 300
1754156161718 0.9409851431846619 350
1754156455703 0.8094791769981384 400
1754156806458 0.92732834815979 450
1754157075735 0.9648882746696472 500
1754157319496 0.7387474775314331 550
1754157568372 1.5849940776824951 600
1754157874275 0.9883260130882263 650
1754158244679 0.9285122752189636 700
1754158500042 0.7337941527366638 750
1754158822698 1.143249750137329 800
1754159127630 0.6534417271614075 850
1754159407153 0.867046594619751 900
1754159659373 0.8863726258277893 950
1754159912224 0.7584275007247925 1000
1754160210273 0.7765637636184692 1050
1754160462226 0.7018169164657593 1100
1754160722596 0.7419800162315369 1150
1754160979877 0.7325273156166077 1200
1754161278365 4.73514461517334 1250
1754161536801 0.7188601493835449 1300
1754161790962 0.610919713973999 1350
1754162046490 0.6797438859939575 1400
1754162342949 0.7595184445381165 1450
1754162588967 0.6425046324729919 1500
1754162828362 0.7953489422798157 1550
1754163072240 0.6395178437232971 1600
1754163363671 3.298718214035034 1650
1754163620123 0.857133150100708 1700
1754163885375 0.8599701523780823 1750
1754164133214 0.7390921711921692 1800
1754164424875 1.0285711288452148 1850
1754164674028 0.7992315888404846 1900
1754164941450 0.713379979133606 1950
1754165333067 0.6767042279243469 2000
1754165798863 0.7179968357086182 2050
1754166275400 0.7096676230430603 2100
1754166746119 1.0162994861602783 2150
1754167077466 0.7207508683204651 2200
1754167449004 0.6472961902618408 2250
1754167764242 0.6969673037528992 2300
1754168082808 1.0403263568878174 2350
1754168401581 0.745887279510498 2400
1754168777349 0.8392467498779297 2450
1754169094072 0.7322164177894592 2500
1754169413543 0.6920525431632996 2550
1754169731150 0.8923674821853638 2600
1754170113521 0.7585005164146423 2650
1754170402434 0.7710801362991333 2700
1754170650215 0.7695981860160828 2750
1754170912971 1.0083423852920532 2800
