1754153284187 0.000147 50
1754153656977 0.00029699999999999996 100
1754154982575 0.000294585635359116 150
1754155269967 0.000289060773480663 200
1754155581767 0.0002835359116022099 250
1754155882890 0.0002780110497237569 300
1754156161718 0.0002724861878453038 350
1754156455703 0.0002669613259668508 400
1754156806458 0.0002614364640883978 450
1754157075735 0.0002559116022099447 500
1754157319496 0.0002503867403314917 550
1754157568372 0.00024486187845303864 600
1754157874275 0.00023933701657458562 650
1754158244679 0.0002338121546961326 700
1754158500042 0.00022828729281767953 750
1754158822698 0.00022276243093922652 800
1754159127630 0.00021723756906077345 850
1754159407153 0.00021171270718232043 900
1754159659373 0.00020618784530386736 950
1754159912224 0.00020066298342541434 1000
1754160210273 0.00019513812154696133 1050
1754160462226 0.00018961325966850826 1100
1754160722596 0.00018408839779005524 1150
1754160979877 0.0001785635359116022 1200
1754161278365 0.00017303867403314915 1250
1754161536801 0.0001675138121546961 1300
1754161790962 0.0001619889502762431 1350
1754162046490 0.00015646408839779005 1400
1754162342949 0.000150939226519337 1450
1754162588967 0.00014541436464088396 1500
1754162828362 0.00013988950276243095 1550
1754163072240 0.0001343646408839779 1600
1754163363671 0.00012883977900552486 1650
1754163620123 0.00012331491712707182 1700
1754163885375 0.00011779005524861877 1750
1754164133214 0.00011226519337016573 1800
1754164424875 0.0001067403314917127 1850
1754164674028 0.00010121546961325967 1900
1754164941450 9.569060773480663e-05 1950
1754165333067 9.016574585635358e-05 2000
1754165798863 8.464088397790054e-05 2050
1754166275400 7.91160220994475e-05 2100
1754166746119 7.359116022099447e-05 2150
1754167077466 6.806629834254142e-05 2200
1754167449004 6.254143646408839e-05 2250
1754167764242 5.7016574585635355e-05 2300
1754168082808 5.149171270718231e-05 2350
1754168401581 4.5966850828729275e-05 2400
1754168777349 4.044198895027624e-05 2450
1754169094072 3.49171270718232e-05 2500
1754169413543 2.9392265193370165e-05 2550
1754169731150 2.3867403314917122e-05 2600
1754170113521 1.8342541436464085e-05 2650
1754170402434 1.2817679558011049e-05 2700
1754170650215 7.29281767955801e-06 2750
1754170912971 1.767955801104972e-06 2800
