1754153284187 9.9406 50
1754153656977 2.1495 100
1754154982575 1.5066 150
1754155269967 1.3679 200
1754155581767 1.3789 250
1754155882890 1.2782 300
1754156161718 1.2215 350
1754156455703 1.224 400
1754156806458 1.1786 450
1754157075735 1.1893 500
1754157319496 1.1876 550
1754157568372 1.1382 600
1754157874275 1.1187 650
1754158244679 1.1313 700
1754158500042 1.1011 750
1754158822698 1.0957 800
1754159127630 1.1061 850
1754159407153 1.1032 900
1754159659373 1.0995 950
1754159912224 1.0703 1000
1754160210273 1.0855 1050
1754160462226 1.0745 1100
1754160722596 1.0402 1150
1754160979877 1.0371 1200
1754161278365 1.049 1250
1754161536801 1.0277 1300
1754161790962 1.0503 1350
1754162046490 1.0397 1400
1754162342949 1.0456 1450
1754162588967 1.0167 1500
1754162828362 1.0389 1550
1754163072240 1.0278 1600
1754163363671 1.0291 1650
1754163620123 1.0338 1700
1754163885375 0.9829 1750
1754164133214 0.9997 1800
1754164424875 1.0004 1850
1754164674028 0.9816 1900
1754164941450 1.0024 1950
1754165333067 0.9854 2000
1754165798863 1.0032 2050
1754166275400 0.9979 2100
1754166746119 1.0009 2150
1754167077466 0.9995 2200
1754167449004 0.9946 2250
1754167764242 0.9893 2300
1754168082808 0.9637 2350
1754168401581 0.9698 2400
1754168777349 0.9549 2450
1754169094072 0.9773 2500
1754169413543 0.9591 2550
1754169731150 0.97 2600
1754170113521 0.9477 2650
1754170402434 0.9452 2700
1754170650215 0.9559 2750
1754170912971 0.9636 2800
