1754117302173 0.08880994671403197 50
1754117578020 0.17761989342806395 100
1754117867332 0.2664298401420959 150
1754118131614 0.3552397868561279 200
1754118169881 0.3552397868561279 200
1754118429291 0.44404973357015987 250
1754118694865 0.5328596802841918 300
1754118957991 0.6216696269982238 350
1754119215570 0.7104795737122558 400
1754119253114 0.7104795737122558 400
1754119510183 0.7992895204262878 450
1754119766259 0.8880994671403197 500
1754120011681 0.9769094138543517 550
1754120259423 1.0657193605683837 600
1754120296944 1.0657193605683837 600
1754120551862 1.1545293072824157 650
1754120799128 1.2433392539964476 700
1754121042517 1.3321492007104796 750
1754121280807 1.4209591474245116 800
1754121318371 1.4209591474245116 800
1754121566986 1.5097690941385435 850
1754121807951 1.5985790408525755 900
1754122046415 1.6873889875666075 950
1754122286269 1.7761989342806395 1000
1754122324328 1.7761989342806395 1000
1754122567950 1.8650088809946714 1050
1754122809852 1.9538188277087034 1100
1754123055756 2.0426287744227354 1150
1754123300593 2.1314387211367674 1200
1754123338156 2.1314387211367674 1200
1754123585444 2.2202486678507993 1250
1754123833013 2.3090586145648313 1300
1754124075556 2.3978685612788633 1350
1754124318235 2.4866785079928952 1400
1754124356001 2.4866785079928952 1400
1754124600044 2.575488454706927 1450
1754124842411 2.664298401420959 1500
1754125082063 2.753108348134991 1550
1754125323641 2.841918294849023 1600
1754125360789 2.841918294849023 1600
1754125608165 2.930728241563055 1650
1754125849723 3.019538188277087 1700
1754126092737 3.108348134991119 1750
1754126333441 3.197158081705151 1800
1754126370609 3.197158081705151 1800
1754126619207 3.285968028419183 1850
1754126864480 3.374777975133215 1900
1754127106300 3.463587921847247 1950
1754127351527 3.552397868561279 2000
1754127388708 3.552397868561279 2000
1754127638081 3.641207815275311 2050
