1754117302173 6.024514198303223 50
1754117578020 1.839102029800415 100
1754117867332 0.91324782371521 150
1754118131614 3.989145040512085 200
1754118429291 2.3158514499664307 250
1754118694865 1.2952842712402344 300
1754118957991 0.9409851431846619 350
1754119215570 0.8094791769981384 400
1754119510183 0.92732834815979 450
1754119766259 0.9648882746696472 500
1754120011681 0.7387474775314331 550
1754120259423 1.5849940776824951 600
1754120551862 0.9883260130882263 650
1754120799128 0.9285122752189636 700
1754121042517 0.7337941527366638 750
1754121280807 1.143249750137329 800
1754121566986 0.6534417271614075 850
1754121807951 0.867046594619751 900
1754122046415 0.8863726258277893 950
1754122286269 0.7584275007247925 1000
1754122567950 0.7765637636184692 1050
1754122809852 0.7018169164657593 1100
1754123055756 0.7419800162315369 1150
1754123300593 0.7325273156166077 1200
1754123585444 4.73514461517334 1250
1754123833013 0.7188601493835449 1300
1754124075556 0.610919713973999 1350
1754124318235 0.6797438859939575 1400
1754124600044 0.7595184445381165 1450
1754124842411 0.6425046324729919 1500
1754125082063 0.7953489422798157 1550
1754125323641 0.6395178437232971 1600
1754125608165 3.298718214035034 1650
1754125849723 0.857133150100708 1700
1754126092737 0.8599701523780823 1750
1754126333441 0.7390921711921692 1800
1754126619207 1.0285711288452148 1850
1754126864480 0.7992315888404846 1900
1754127106300 0.713379979133606 1950
1754127351527 0.6767042279243469 2000
1754127638081 0.7179968357086182 2050
