1754117302173 0.000147 50
1754117578020 0.00029699999999999996 100
1754117867332 0.000294585635359116 150
1754118131614 0.000289060773480663 200
1754118429291 0.0002835359116022099 250
1754118694865 0.0002780110497237569 300
1754118957991 0.0002724861878453038 350
1754119215570 0.0002669613259668508 400
1754119510183 0.0002614364640883978 450
1754119766259 0.0002559116022099447 500
1754120011681 0.0002503867403314917 550
1754120259423 0.00024486187845303864 600
1754120551862 0.00023933701657458562 650
1754120799128 0.0002338121546961326 700
1754121042517 0.00022828729281767953 750
1754121280807 0.00022276243093922652 800
1754121566986 0.00021723756906077345 850
1754121807951 0.00021171270718232043 900
1754122046415 0.00020618784530386736 950
1754122286269 0.00020066298342541434 1000
1754122567950 0.00019513812154696133 1050
1754122809852 0.00018961325966850826 1100
1754123055756 0.00018408839779005524 1150
1754123300593 0.0001785635359116022 1200
1754123585444 0.00017303867403314915 1250
1754123833013 0.0001675138121546961 1300
1754124075556 0.0001619889502762431 1350
1754124318235 0.00015646408839779005 1400
1754124600044 0.000150939226519337 1450
1754124842411 0.00014541436464088396 1500
1754125082063 0.00013988950276243095 1550
1754125323641 0.0001343646408839779 1600
1754125608165 0.00012883977900552486 1650
1754125849723 0.00012331491712707182 1700
1754126092737 0.00011779005524861877 1750
1754126333441 0.00011226519337016573 1800
1754126619207 0.0001067403314917127 1850
1754126864480 0.00010121546961325967 1900
1754127106300 9.569060773480663e-05 1950
1754127351527 9.016574585635358e-05 2000
1754127638081 8.464088397790054e-05 2050
