1754117302173 9.9406 50
1754117578020 2.1495 100
1754117867332 1.5066 150
1754118131614 1.3679 200
1754118429291 1.3789 250
1754118694865 1.2782 300
1754118957991 1.2215 350
1754119215570 1.224 400
1754119510183 1.1786 450
1754119766259 1.1893 500
1754120011681 1.1876 550
1754120259423 1.1382 600
1754120551862 1.1187 650
1754120799128 1.1313 700
1754121042517 1.1011 750
1754121280807 1.0957 800
1754121566986 1.1061 850
1754121807951 1.1032 900
1754122046415 1.0995 950
1754122286269 1.0703 1000
1754122567950 1.0855 1050
1754122809852 1.0745 1100
1754123055756 1.0402 1150
1754123300593 1.0371 1200
1754123585444 1.049 1250
1754123833013 1.0277 1300
1754124075556 1.0503 1350
1754124318235 1.0397 1400
1754124600044 1.0456 1450
1754124842411 1.0167 1500
1754125082063 1.0389 1550
1754125323641 1.0278 1600
1754125608165 1.0291 1650
1754125849723 1.0338 1700
1754126092737 0.9829 1750
1754126333441 0.9997 1800
1754126619207 1.0004 1850
1754126864480 0.9816 1900
1754127106300 1.0024 1950
1754127351527 0.9854 2000
1754127638081 1.0032 2050
